0	29.000
1	27.019
2	28.763
3	27.047
4	26.263
5	26.216
6	26.698
7	25.716
8	27.374
9	29.955
10	30.234
11	30.605
12	31.426
13	28.343
14	28.774
15	29.358
16	27.757
17	25.335
18	27.992
19	31.235
20	30.466
21	30.742
22	29.736
23	30.000
24	31.608
25	30.628
26	29.627
27	28.914
28	30.262
29	29.396
30	30.557
31	30.913
32	27.484
33	29.614
34	29.015
35	29.583
36	28.987
37	28.599
38	30.110
39	32.389
40	29.872
41	31.981
42	31.148
43	29.739
44	28.887
45	27.566
46	29.932
47	30.096
48	31.056
49	31.021
50	29.441
51	27.576
52	28.607
53	28.174
54	27.736
55	27.852
56	28.081
57	27.995
58	29.716
59	29.841
60	30.979
61	31.558
62	31.016
63	30.756
64	30.324
65	30.827
66	31.018
67	31.182
68	29.783
69	28.921
70	30.344
71	30.001
72	31.294
73	31.649
74	31.388
75	30.897
76	32.589
77	33.080
78	31.442
79	31.968
80	31.923
81	32.477
82	30.530
83	30.856
84	32.208
85	31.279
86	33.730
87	33.844
88	33.031
89	31.875
90	32.125
91	34.297
92	34.175
93	35.692
94	34.295
95	32.712
96	33.430
97	33.985
98	35.685
99	36.007
100	34.761
101	35.270
102	33.578
103	37.083
104	33.759
105	33.628
106	34.690
107	34.860
108	36.724
109	36.111
110	34.243
111	36.038
112	37.298
113	35.282
114	34.364
115	36.431
116	37.694
117	38.685
118	37.728
119	36.990
120	37.110
121	36.980
122	36.812
123	36.577
124	36.158
125	36.968
126	38.396
127	39.361
128	39.270
129	38.034
130	37.132
131	37.162
132	39.177
133	40.197
134	40.856
135	39.069
136	39.503
137	38.754
138	36.943
139	37.709
140	37.765
141	35.772
142	35.540
143	38.277
144	39.456
145	38.899
146	39.385
147	38.761
148	37.254
149	38.459
150	38.304
151	38.248
152	36.917
153	36.179
154	39.216
155	39.790
156	36.578
157	37.728
158	38.752
159	37.844
160	39.765
161	38.955
162	41.415
163	42.241
164	40.937
165	40.644
166	40.953
167	38.507
168	43.162
169	41.052
170	38.875
171	39.202
172	38.179
173	40.759
174	40.236
175	42.491
176	42.678
177	41.129
178	41.602
179	41.917
180	41.597
181	41.363
182	41.133
183	40.903
184	43.553
185	47.161
186	43.820
187	43.281
188	42.881
189	42.676
190	43.518
191	44.520
192	45.839
193	45.951
194	42.508
195	44.443
196	46.395
197	45.816
198	46.830
199	47.337
200	45.720
201	45.166
202	45.069
203	45.357
204	46.161
205	42.678
206	44.318
207	44.005
208	44.885
209	46.543
210	48.294
211	50.983
212	45.815
213	43.565
214	46.579
215	49.793
216	49.355
217	48.770
218	46.111
219	45.957
220	46.014
221	47.078
222	45.931
223	45.107
224	46.707
225	46.410
226	46.046
227	48.242
228	49.296
229	48.021
230	46.557
231	49.270
232	50.083
233	47.669
234	47.364
235	48.726
236	50.549
237	54.356
238	52.933
239	52.096
240	51.170
241	51.525
242	51.629
243	51.315
244	53.663
245	54.119
246	55.251
247	55.061
248	54.469
249	55.115
250	58.128
251	56.814
252	56.635
253	56.908
254	56.512
255	56.346
256	58.897
257	57.044
258	57.297
259	58.817
260	58.396
261	58.905
262	61.735
263	60.670
264	61.046
265	61.576
266	62.191
267	62.693
268	62.949
269	63.370
270	63.697
271	65.582
272	65.825
273	66.711
274	68.503
275	68.370
276	68.651
277	70.763
278	71.740
279	72.537
280	73.330
281	75.013
282	76.595
283	77.756
284	78.795
285	81.032
286	83.216
287	84.767
288	86.127
289	87.571
290	91.844
291	94.019
292	95.826
293	99.682
294	106.668
295	113.536
296	124.404
297	129.939
298	133.724
299	137.091
300	139.310
301	140.807
302	142.187
303	142.756
304	143.932
305	144.313
306	144.863
307	145.052
308	145.588
309	146.082
310	146.497
311	146.499
312	146.655
313	146.938
314	148.352
315	148.092
316	148.249
317	148.016
318	147.877
319	147.452
320	147.900
321	147.917
322	147.304
323	147.286
324	147.568
325	147.059
326	146.832
327	146.000
328	145.925
329	145.437
330	145.371
331	145.340
332	144.455
333	143.237
334	142.563
335	142.357
336	141.810
337	141.149
338	140.387
339	139.765
340	138.093
341	137.426
342	137.285
343	135.442
344	134.000
345	133.499
346	130.487
347	128.110
348	125.248
349	117.882
350	108.936
351	100.567
352	89.675
353	83.193
354	79.877
355	75.194
356	71.889
357	69.493
358	67.899
359	64.440
360	62.423
361	60.223
362	59.145
363	58.373
364	56.369
365	54.828
366	56.556
367	54.745
368	55.218
369	54.653
370	53.180
371	52.257
372	52.256
373	51.756
374	48.236
375	48.629
376	48.350
377	49.783
378	49.806
379	49.007
380	47.846
381	48.930
382	47.130
383	45.188
384	46.392
385	46.590
386	44.073
387	43.783
388	44.635
389	45.289
390	44.863
391	45.511
392	42.338
393	43.031
394	43.989
395	43.420
396	43.458
397	43.199
398	43.591
399	43.861
400	43.317
401	41.425
402	40.948
403	39.789
404	38.397
405	40.173
406	40.740
407	40.292
408	40.398
409	41.705
410	41.923
411	39.872
412	38.054
413	37.654
414	37.908
415	40.510
416	38.694
417	35.508
418	38.321
419	37.910
420	36.872
421	37.644
422	36.215
423	37.055
424	34.689
425	34.781
426	36.498
427	37.940
428	39.215
429	36.604
430	32.255
431	32.327
432	33.583
433	35.515
434	34.560
435	32.777
436	35.111
437	33.910
438	34.940
439	34.972
440	36.086
441	37.730
442	34.365
443	34.335
444	32.917
445	34.230
446	34.744
447	32.661
448	32.429
449	33.553
450	33.297
451	31.924
452	31.493
453	30.603
454	29.424
455	31.834
456	34.889
457	35.327
458	32.215
459	31.843
460	31.028
461	30.667
462	31.882
463	31.969
464	31.498
465	31.619
466	30.923
467	33.423
468	31.862
469	31.895
470	31.404
471	28.787
472	29.593
473	30.776
474	31.534
475	32.189
476	30.778
477	31.591
478	31.766
479	30.347
480	29.456
481	31.410
482	31.205
483	31.807
484	30.741
485	28.462
486	30.577
487	31.406
488	31.751
489	32.311
490	31.905
491	30.610
492	31.430
493	33.556
494	31.058
495	28.557
496	28.556
497	28.687
498	28.520
499	27.843
500	30.227
501	29.526
502	28.602
503	29.004
504	30.745
505	31.939
506	28.667
507	30.407
508	28.301
509	29.417
510	30.565
511	28.514
512	28.766
513	28.251
514	30.748
515	29.358
516	29.619
517	29.321
518	28.024
519	28.144
520	30.017
521	29.636
522	30.106
523	29.820
524	29.067
525	28.905
526	29.275
527	30.069
528	32.120
529	31.664
530	29.513
531	27.376
532	28.897
533	28.626
534	27.231
535	25.080
536	25.129
537	25.746
538	28.315
539	26.560
540	27.580
541	26.379
542	26.636
543	28.814
544	29.483
545	27.444
546	29.448
547	28.399
548	29.934
549	30.102
550	28.420
551	28.112
552	26.268
553	27.631
554	27.446
555	28.247
556	28.152
557	27.198
558	24.794
559	26.550
560	28.025
561	27.541
562	28.425
563	28.684
564	30.335
565	29.256
566	27.875
567	26.835
568	24.419
569	27.068
570	27.823
571	28.216
572	25.406
573	25.973
574	26.691
575	29.029
576	29.210
577	27.312
578	25.566
579	26.961
580	27.507
581	29.810
582	29.303
583	27.951
584	26.565
585	26.901
586	27.895
587	28.520
588	27.503
589	28.527
590	27.437
591	26.199
592	28.065
593	28.666
594	28.359
595	27.764
596	28.292
597	28.146
598	30.207
599	31.000
600	30.086
601	28.977
602	27.401
603	24.361
604	25.520
605	27.203
606	28.328
607	27.750
608	27.561
609	24.305
610	27.129
611	26.953
612	26.516
613	28.551
614	29.566
615	29.064
616	28.213
617	27.594
618	27.186
619	27.150
620	27.075
621	27.814
622	29.072
623	28.890
624	28.604
625	29.104
626	29.787
627	27.169
628	27.400
629	25.722
630	25.795
631	26.104
632	26.079
633	27.206
634	29.053
635	27.881
636	26.569
637	25.985
638	27.816
639	29.446
640	30.193
641	30.949
642	29.946
643	31.418
644	29.568
645	25.988
646	24.664
647	26.412
648	22.872
649	26.568
650	28.016
651	29.396
652	29.357
653	27.256
654	26.000
