0	27.333
1	26.189
2	28.881
3	29.438
4	31.141
5	27.674
6	29.649
7	32.012
8	30.741
9	31.621
10	30.291
11	29.093
12	31.914
13	27.742
14	26.678
15	26.905
16	29.833
17	27.839
18	28.078
19	29.807
20	30.928
21	26.428
22	25.095
23	27.834
24	29.871
25	28.408
26	29.306
27	29.228
28	26.877
29	28.311
30	29.844
31	29.821
32	26.841
33	26.328
34	30.890
35	31.772
36	31.435
37	28.844
38	27.724
39	29.264
40	30.301
41	29.493
42	28.923
43	28.739
44	29.450
45	28.011
46	29.101
47	28.888
48	30.515
49	31.391
50	31.630
51	32.148
52	31.149
53	31.647
54	30.582
55	32.024
56	33.552
57	31.750
58	30.597
59	32.023
60	31.767
61	30.707
62	30.843
63	29.967
64	31.828
65	31.808
66	33.228
67	36.087
68	33.434
69	30.557
70	30.210
71	33.825
72	33.188
73	32.098
74	31.977
75	32.637
76	34.932
77	34.263
78	33.928
79	34.888
80	36.027
81	35.890
82	34.682
83	32.868
84	34.665
85	37.811
86	36.901
87	33.874
88	33.566
89	33.847
90	33.475
91	34.048
92	34.682
93	35.161
94	34.757
95	35.214
96	36.918
97	37.777
98	37.817
99	38.939
100	39.063
101	37.110
102	36.978
103	39.968
104	40.075
105	38.595
106	39.155
107	39.603
108	38.430
109	38.143
110	38.418
111	37.250
112	36.901
113	37.508
114	36.785
115	37.374
116	37.757
117	37.354
118	37.517
119	37.095
120	35.700
121	35.444
122	38.102
123	39.768
124	38.565
125	37.410
126	37.350
127	36.602
128	37.562
129	38.767
130	37.353
131	38.466
132	38.613
133	36.750
134	37.036
135	39.798
136	41.025
137	38.002
138	35.370
139	36.479
140	39.083
141	40.651
142	40.567
143	38.357
144	36.784
145	37.904
146	39.204
147	38.463
148	38.133
149	39.093
150	39.285
151	39.938
152	41.976
153	41.590
154	40.720
155	40.540
156	39.245
157	38.223
158	40.812
159	41.063
160	40.170
161	41.176
162	41.210
163	40.487
164	41.168
165	41.580
166	41.340
167	41.805
168	41.527
169	42.102
170	43.070
171	41.689
172	41.993
173	41.268
174	42.220
175	44.057
176	42.070
177	43.849
178	43.987
179	41.688
180	42.049
181	41.741
182	41.810
183	40.684
184	43.255
185	41.971
186	43.604
187	43.322
188	44.669
189	43.828
190	43.488
191	43.308
192	43.866
193	46.223
194	44.963
195	46.426
196	45.470
197	46.624
198	47.217
199	46.148
200	47.366
201	46.569
202	45.273
203	46.047
204	44.771
205	46.651
206	46.517
207	45.990
208	45.752
209	48.320
210	49.432
211	46.264
212	44.070
213	46.189
214	48.435
215	47.978
216	47.176
217	50.428
218	45.654
219	45.835
220	47.434
221	47.461
222	46.609
223	48.287
224	47.336
225	46.805
226	46.844
227	48.819
228	47.539
229	50.529
230	50.043
231	47.567
232	50.355
233	50.361
234	49.113
235	49.857
236	51.368
237	53.831
238	50.604
239	54.771
240	56.712
241	56.245
242	53.765
243	55.133
244	54.664
245	55.841
246	56.244
247	55.898
248	56.876
249	56.765
250	57.513
251	59.854
252	59.566
253	59.196
254	59.659
255	59.815
256	59.982
257	60.938
258	62.296
259	62.872
260	63.769
261	64.272
262	64.392
263	65.423
264	66.776
265	66.997
266	67.862
267	70.365
268	70.487
269	72.222
270	73.460
271	74.162
272	76.335
273	77.760
274	79.905
275	81.470
276	82.980
277	84.906
278	86.499
279	88.123
280	90.159
281	91.201
282	93.468
283	95.736
284	97.311
285	100.593
286	102.958
287	106.003
288	108.950
289	112.752
290	121.031
291	128.154
292	132.434
293	136.483
294	138.657
295	140.969
296	142.366
297	142.446
298	144.032
299	144.739
300	144.667
301	145.008
302	145.913
303	146.706
304	146.562
305	146.337
306	146.632
307	146.990
308	147.373
309	147.350
310	146.834
311	146.814
312	147.188
313	147.203
314	147.131
315	147.019
316	147.559
317	147.615
318	147.260
319	147.297
320	147.230
321	146.293
322	145.777
323	146.236
324	146.306
325	146.457
326	146.819
327	146.148
328	145.241
329	144.967
330	144.290
331	143.579
332	142.857
333	142.049
334	142.043
335	141.593
336	139.864
337	137.939
338	136.583
339	136.193
340	134.554
341	132.022
342	129.265
343	126.123
344	123.174
345	117.724
346	110.674
347	104.028
348	95.500
349	87.272
350	82.612
351	78.673
352	76.206
353	72.604
354	69.817
355	68.895
356	66.654
357	63.998
358	62.454
359	60.836
360	59.096
361	58.001
362	55.923
363	55.556
364	56.397
365	56.085
366	54.285
367	51.416
368	50.545
369	49.863
370	49.628
371	49.439
372	47.453
373	47.875
374	48.417
375	48.063
376	47.625
377	47.255
378	48.105
379	47.670
380	43.018
381	44.172
382	45.856
383	46.061
384	46.268
385	45.698
386	44.482
387	42.472
388	42.775
389	43.602
390	43.763
391	43.555
392	42.827
393	40.967
394	40.440
395	39.613
396	39.320
397	38.863
398	38.472
399	37.008
400	38.299
401	37.424
402	40.604
403	40.249
404	38.084
405	38.086
406	35.367
407	37.101
408	36.302
409	36.110
410	35.886
411	35.040
412	35.603
413	33.182
414	31.427
415	31.183
416	31.063
417	36.158
418	33.671
419	33.452
420	32.793
421	30.578
422	34.023
423	33.548
424	34.607
425	34.219
426	33.248
427	34.311
428	31.703
429	33.593
430	33.399
431	34.292
432	35.373
433	31.453
434	31.464
435	32.700
436	34.599
437	35.708
438	33.686
439	32.254
440	31.309
441	33.139
442	33.061
443	34.212
444	35.022
445	34.830
446	32.805
447	32.480
448	33.794
449	32.347
450	30.487
451	29.224
452	30.554
453	30.709
454	32.467
455	35.755
456	33.907
457	31.268
458	31.245
459	31.611
460	31.549
461	31.719
462	32.114
463	31.834
464	31.332
465	30.023
466	31.739
467	31.483
468	33.031
469	34.156
470	33.562
471	31.670
472	30.152
473	30.355
474	30.437
475	29.242
476	28.570
477	29.533
478	31.894
479	30.024
480	33.975
481	33.934
482	31.903
483	30.152
484	32.250
485	31.841
486	30.903
487	31.790
488	31.387
489	30.999
490	32.309
491	31.607
492	29.997
493	30.414
494	30.179
495	29.983
496	32.550
497	33.030
498	29.880
499	28.980
500	28.002
501	29.246
502	30.212
503	30.997
504	29.478
505	29.916
506	29.427
507	29.197
508	29.045
509	27.614
510	29.004
511	30.331
512	29.906
513	29.771
514	30.115
515	29.494
516	28.858
517	30.682
518	30.287
519	28.537
520	30.480
521	30.632
522	28.960
523	29.448
524	29.314
525	28.174
526	28.425
527	31.011
528	32.311
529	30.368
530	28.981
531	29.223
532	29.348
533	28.519
534	28.921
535	30.846
536	30.540
537	28.730
538	28.979
539	28.758
540	27.787
541	28.987
542	28.811
543	28.004
544	27.991
545	26.530
546	28.976
547	30.059
548	29.253
549	29.172
550	27.523
551	27.659
552	28.496
553	28.947
554	29.505
555	29.304
556	29.315
557	28.373
558	26.999
559	26.958
560	27.481
561	26.478
562	25.568
563	26.881
564	28.331
565	27.913
566	26.667
567	26.472
568	26.896
569	26.348
570	26.697
571	26.463
572	27.226
573	28.178
574	29.280
575	28.384
576	28.602
577	29.761
578	28.548
579	27.970
580	29.392
581	28.423
582	27.790
583	28.373
584	27.480
585	27.259
586	28.330
587	29.112
588	28.898
589	29.208
590	29.332
591	26.834
592	26.412
593	27.326
594	26.963
595	26.197
596	26.318
597	24.425
598	26.664
599	28.207
600	26.370
601	27.214
602	27.978
603	28.585
604	27.981
605	27.358
606	28.184
607	26.002
608	28.643
609	29.975
610	27.971
611	27.202
612	28.205
613	24.527
614	24.725
615	29.240
616	28.931
617	28.593
618	28.835
619	27.944
620	27.351
621	29.478
622	30.206
623	30.306
624	29.364
625	27.712
626	28.473
627	29.005
628	26.476
629	24.983
630	25.548
631	25.717
632	28.703
633	28.883
634	27.548
635	27.260
636	26.271
637	28.046
638	28.341
639	25.951
640	27.504
641	29.147
642	25.994
643	25.823
644	26.615
645	27.630
646	28.236
647	26.957
648	28.916
649	27.590
650	28.239
651	28.437
652	24.144
653	29.000
