0	11.0000
1	13.7463
2	16.5889
3	15.0667
4	13.9037
5	11.7778
6	13.9000
7	16.2315
8	16.9877
9	18.7000
10	16.9938
11	13.6611
12	17.0000
13	15.6722
14	15.0000
15	15.0000
16	19.1481
17	17.8944
18	15.3000
19	17.2000
20	19.2840
21	18.8833
22	20.1667
23	18.4444
24	16.2667
25	14.7407
26	17.3333
27	17.3333
28	17.4123
29	17.5994
30	13.3889
31	15.3444
32	17.7901
33	17.8444
34	17.3827
35	17.3333
36	15.9333
37	15.0722
38	15.7580
39	16.8444
40	15.4815
41	17.3728
42	19.4444
43	17.7951
44	17.6667
45	16.7500
46	15.0605
47	15.1284
48	15.6889
49	14.5556
50	16.0309
51	16.3333
52	15.8815
53	18.0179
54	19.6333
55	19.3333
56	17.0963
57	15.4667
58	17.3160
59	17.3333
60	17.3333
61	17.3389
62	14.4284
63	16.7833
64	19.6222
65	20.3333
66	19.8000
67	20.3333
68	20.3333
69	19.4000
70	18.7778
71	20.3333
72	20.3333
73	20.1346
74	19.7593
75	20.0833
76	17.4444
77	17.3333
78	17.3556
79	17.3333
80	17.3333
81	15.4833
82	16.9000
83	18.2019
84	17.3333
85	16.4074
86	13.5827
87	15.4667
88	17.6444
89	19.4167
90	20.5000
91	19.7253
92	15.3012
93	14.8056
94	17.9333
95	18.3302
96	18.8667
97	19.6364
98	19.3889
99	18.6833
100	18.3333
101	20.0395
102	18.7778
103	19.5401
104	17.5333
105	20.3333
106	17.8185
107	17.7494
108	21.4000
109	21.7105
110	20.8580
111	19.4889
112	19.8889
113	19.2204
114	18.2556
115	19.1543
116	20.3333
117	20.0000
118	19.7630
119	21.6975
120	17.0000
121	18.9846
122	21.4877
123	20.7167
124	20.9111
125	18.7778
126	19.4000
127	19.6222
128	18.1531
129	18.9500
130	20.2901
131	20.4623
132	18.4222
133	18.3586
134	19.3543
135	17.7500
136	17.5185
137	19.3481
138	20.9111
139	21.5031
140	20.7531
141	21.9222
142	22.9975
143	23.2685
144	22.4000
145	20.3981
146	17.8210
147	18.6000
148	18.7407
149	20.7556
150	22.0000
151	24.8000
152	19.3185
153	20.2667
154	22.1198
155	22.0463
156	23.2222
157	23.6667
158	23.5481
159	22.4667
160	21.4444
161	23.6667
162	22.4000
163	18.2988
164	22.1556
165	23.2500
166	25.6926
167	25.4525
168	23.0889
169	21.7062
170	22.9630
171	23.6500
172	21.3556
173	21.3463
174	22.7000
175	22.9167
176	25.1506
177	24.9944
178	23.7951
179	24.2716
180	26.0000
181	27.2765
182	25.4556
183	24.4167
184	24.0173
185	24.6235
186	23.9778
187	24.9481
188	26.7111
189	25.6167
190	26.0556
191	27.9969
192	26.5333
193	25.4444
194	26.5000
195	26.9722
196	29.8469
197	26.3679
198	30.2667
199	30.0148
200	28.4568
201	30.0778
202	32.5333
203	32.1352
204	32.9556
205	34.0556
206	33.8444
207	33.6167
208	31.7901
209	33.2833
210	32.7222
211	33.4920
212	33.8889
213	34.2500
214	34.3025
215	35.6698
216	36.5333
217	38.0938
218	40.8259
219	44.4833
220	46.9383
221	47.5537
222	48.2000
223	50.0457
224	52.1185
225	51.9167
226	52.3667
227	53.5309
228	53.1333
229	53.4654
230	53.6420
231	54.1722
232	54.2790
233	55.1667
234	55.4000
235	55.2377
236	54.5160
237	53.6111
238	54.2938
239	55.0716
240	56.3333
241	56.3500
242	54.9074
243	55.2500
244	55.4543
245	53.5988
246	54.3222
247	55.6877
248	56.0519
249	56.0833
250	56.5864
251	56.3438
252	56.0667
253	55.6556
254	55.2198
255	55.0000
256	55.0000
257	53.8043
258	54.2444
259	54.3802
260	55.2469
261	55.5500
262	54.7914
263	53.5420
264	52.7778
265	53.3704
266	53.1827
267	52.6667
268	52.6321
269	52.2222
270	50.6667
271	50.3988
272	50.6222
273	48.8000
274	47.8852
275	47.8889
276	46.1778
277	43.7302
278	39.6889
279	36.4667
280	35.5556
281	36.5827
282	35.2111
283	31.5235
284	32.8716
285	30.4722
286	28.9778
287	26.6802
288	29.6000
289	31.0278
290	28.7222
291	28.2000
292	27.4642
293	29.3685
294	28.2667
295	24.1204
296	27.3259
297	27.4000
298	24.6222
299	26.1698
300	26.6667
301	27.4537
302	26.1481
303	27.0889
304	25.9481
305	24.7994
306	25.4667
307	24.0889
308	24.6074
309	26.7889
310	24.4753
311	23.4056
312	22.3333
313	23.8395
314	24.1963
315	22.2500
316	22.2938
317	22.3216
318	21.1667
319	22.0377
320	21.1481
321	21.9778
322	22.5617
323	21.2222
324	19.4000
325	19.0833
326	19.1519
327	20.8222
328	21.8222
329	19.4938
330	17.3333
331	17.8605
332	18.9654
333	19.5167
334	20.4284
335	18.4043
336	17.5556
337	18.9333
338	20.3222
339	19.7500
340	19.7284
341	18.8599
342	20.1000
343	18.5920
344	20.3333
345	20.3333
346	17.6889
347	15.9290
348	19.5778
349	20.3333
350	19.1111
351	20.0333
352	19.0494
353	18.9210
354	20.3333
355	18.0154
356	15.5531
357	20.2944
358	19.9333
359	17.3333
360	17.3333
361	19.0259
362	19.4827
363	17.7389
364	17.0568
365	16.0802
366	14.4000
367	16.4519
368	16.3654
369	14.6000
370	14.1481
371	17.3556
372	17.2444
373	17.2315
374	20.3333
375	20.3333
376	15.3556
377	15.2809
378	16.1667
379	17.0093
380	16.8148
381	16.7889
382	17.4222
383	17.0006
384	14.6667
385	12.2315
386	15.4185
387	16.7500
388	17.0568
389	16.1340
390	15.5000
391	14.9481
392	14.4543
393	16.6889
394	19.0136
395	16.8426
396	15.0000
397	15.5167
398	15.8333
399	15.1000
400	15.5926
401	16.2019
402	14.2333
403	12.1389
404	17.5852
405	17.2500
406	16.1667
407	15.0833
408	15.0000
409	14.1037
410	16.5556
411	17.3333
412	15.6148
413	15.5679
414	17.0667
415	16.4784
416	15.0000
417	15.2500
418	15.1667
419	15.9167
420	17.0000
421	15.2000
422	15.0000
423	14.4000
424	15.0000
425	15.0000
426	14.8333
427	15.0000
428	16.2617
429	16.9444
430	13.7037
431	14.7111
432	15.6000
433	18.0000
434	18.0000
435	18.0000
436	16.4444
437	15.3222
438	16.5556
439	14.5537
440	13.3086
441	15.0000
442	15.9778
443	16.5944
444	15.8000
445	15.9167
446	14.1148
447	13.1333
448	14.9111
449	15.5889
450	18.0000
451	18.0000
452	17.3333
453	16.2500
454	15.1667
455	14.4907
456	14.5333
457	17.8099
458	18.7605
459	16.8000
460	14.8519
461	13.6148
462	15.5000
463	18.0000
464	17.8000
465	15.0000
466	12.2000
467	9.7852
468	11.2000
469	13.6623
470	15.7222
471	15.6000
472	12.3333
473	12.9704
474	15.7333
475	13.8333
476	10.7333
477	10.2000
478	13.2519
479	11.9352
480	13.3333
481	13.9167
482	15.1667
483	12.8500
484	11.9185
485	13.2963
486	14.2000
487	15.0000
488	16.5802
489	16.0556
490	14.9074
491	14.1037
492	15.0000
493	14.0926
494	10.7815
495	11.2500
496	14.7630
497	16.3722
498	15.1000
499	13.1759
500	14.5556
501	14.4500
502	17.3000
503	18.7951
504	18.0000
505	16.2037
506	16.0691
507	15.0500
508	15.9185
509	11.8315
510	12.0000
511	11.3519
512	11.8593
513	15.1500
514	18.7346
515	18.2685
516	17.2222
517	13.6648
518	13.4111
519	13.7500
520	12.4444
521	12.0093
522	13.8000
523	15.0000
524	14.9852
525	14.4167
526	17.5815
527	15.4000
528	15.0000
529	17.1389
530	15.9815
531	18.2000
532	19.5333
533	16.5012
534	15.2000
535	15.0000
536	15.0000
537	15.0000
538	14.7111
539	13.9889
540	15.0000
