0	18.0000
1	18.0000
2	16.0095
3	14.9640
4	16.3816
5	17.8606
6	18.0000
7	16.8265
8	17.5023
9	17.3151
10	16.1175
11	15.5195
12	17.2325
13	16.6572
14	17.7612
15	16.5295
16	17.7774
17	18.1780
18	18.1754
19	17.4388
20	17.5293
21	17.1542
22	18.0000
23	16.6849
24	17.1577
25	18.0000
26	19.6635
27	18.5127
28	17.6193
29	17.9993
30	18.7628
31	19.1471
32	19.4282
33	17.9708
34	18.3117
35	20.1427
36	17.9779
37	15.1591
38	17.4337
39	18.0000
40	16.4841
41	10.0304
42	11.8002
43	11.5439
44	15.2948
45	18.0000
46	18.0000
47	15.3844
48	15.0000
49	14.8558
50	16.2926
51	16.2559
52	17.8442
53	16.3143
54	17.1493
55	16.9574
56	14.7678
57	14.6005
58	14.9384
59	16.4228
60	16.8569
61	18.5689
62	18.6202
63	18.5460
64	17.6505
65	17.0132
66	20.2460
67	20.0088
68	18.4502
69	16.0774
70	15.7778
71	16.8729
72	17.0824
73	13.0116
74	15.1390
75	13.8777
76	16.9014
77	18.6997
78	18.5967
79	20.2171
80	19.6090
81	16.7521
82	16.8341
83	19.6530
84	18.5205
85	18.5544
86	18.5777
87	18.1927
88	17.1328
89	20.2878
90	20.3333
91	19.3084
92	17.3521
93	16.1746
94	17.5439
95	17.2969
96	19.6921
97	20.5641
98	20.4788
99	17.5159
100	19.7904
101	18.9865
102	18.6832
103	17.4389
104	15.4531
105	16.6683
106	18.2562
107	20.3333
108	20.3333
109	18.4051
110	16.6488
111	15.7062
112	17.7369
113	14.4575
114	15.0649
115	18.4390
116	20.2919
117	17.6756
118	19.0264
119	19.4015
120	20.3102
121	20.3333
122	19.4966
123	19.7327
124	18.0364
125	20.0764
126	19.8372
127	17.2568
128	17.5643
129	20.3333
130	17.6195
131	16.4264
132	17.5673
133	19.5237
134	18.6931
135	18.1536
136	21.4264
137	19.5716
138	17.3614
139	17.0636
140	19.5310
141	20.3266
142	20.3333
143	19.8972
144	20.2813
145	19.1761
146	19.7708
147	20.3333
148	20.3333
149	20.3333
150	17.1630
151	16.6962
152	17.6937
153	19.6468
154	19.3183
155	19.0000
156	18.8744
157	20.1488
158	20.6765
159	20.9637
160	22.0292
161	18.9366
162	19.3604
163	19.9330
164	18.1586
165	19.3480
166	18.8867
167	21.1741
168	20.8721
169	19.7598
170	21.7430
171	20.0484
172	19.3269
173	21.4431
174	22.0000
175	20.9962
176	20.4620
177	20.3609
178	19.1264
179	19.4115
180	20.7529
181	20.2611
182	21.0357
183	20.8388
184	21.9856
185	21.2167
186	22.0390
187	23.3027
188	20.6906
189	18.4772
190	18.7220
191	18.5632
192	21.8466
193	23.6667
194	21.4290
195	21.3025
196	20.0963
197	20.2225
198	23.6667
199	23.6667
200	23.0584
201	22.7342
202	23.5960
203	23.6667
204	23.6667
205	22.1521
206	21.2283
207	23.5029
208	21.7904
209	21.1115
210	20.8058
211	21.5914
212	23.5858
213	26.3559
214	26.1869
215	21.0291
216	23.0510
217	21.9878
218	24.0473
219	25.0025
220	24.3157
221	24.1248
222	25.4767
223	23.6233
224	21.9620
225	25.6019
226	26.4703
227	27.3211
228	24.9734
229	26.0845
230	26.1920
231	26.0708
232	26.0947
233	25.3807
234	25.5770
235	24.3333
236	24.3333
237	26.2575
238	26.1910
239	29.0564
240	27.0529
241	24.8761
242	25.6572
243	28.0409
244	27.1270
245	27.3856
246	27.0933
247	25.6728
248	26.5342
249	27.2497
250	25.7436
251	29.7321
252	29.8301
253	31.6716
254	29.1267
255	29.9184
256	33.6471
257	32.4872
258	31.9527
259	31.8823
260	33.0453
261	33.5245
262	30.9645
263	33.0525
264	35.2475
265	33.9740
266	33.1775
267	35.2049
268	35.5365
269	35.1414
270	35.8859
271	37.2741
272	38.9802
273	41.7206
274	45.3740
275	47.3833
276	48.8324
277	51.1824
278	51.5825
279	51.0082
280	50.8189
281	51.8046
282	50.9301
283	52.2162
284	53.2546
285	54.3698
286	54.0327
287	52.7893
288	52.9789
289	54.8930
290	55.5459
291	54.5389
292	54.7754
293	56.0470
294	55.4132
295	55.7488
296	55.1568
297	54.8153
298	55.4292
299	54.3093
300	54.6048
301	57.3333
302	57.3333
303	55.3967
304	54.4601
305	53.9356
306	55.1775
307	55.1248
308	54.7307
309	54.3599
310	54.4153
311	54.5432
312	53.3886
313	53.2830
314	54.6688
315	53.7664
316	53.8936
317	54.1564
318	53.7960
319	54.7722
320	54.2441
321	52.9433
322	53.6021
323	52.7818
324	50.7356
325	50.5487
326	49.4887
327	49.9329
328	50.5326
329	49.6031
330	48.2102
331	46.8081
332	46.8656
333	46.2334
334	41.4537
335	37.1979
336	36.6194
337	35.4461
338	34.4365
339	33.6638
340	32.7302
341	31.9186
342	30.8240
343	28.5202
344	31.1735
345	29.1721
346	29.6002
347	31.1455
348	28.8587
349	28.6388
350	27.4398
351	24.0534
352	25.9873
353	23.7070
354	24.6058
355	24.5958
356	28.0459
357	27.9384
358	25.5095
359	24.5101
360	25.5970
361	25.1730
362	24.9613
363	23.1764
364	22.4889
365	25.0000
366	23.5533
367	21.8664
368	23.6251
369	23.9315
370	23.0600
371	18.3560
372	21.3128
373	22.6411
374	22.5408
375	22.2465
376	22.0000
377	22.0000
378	22.2332
379	21.4098
380	20.5205
381	22.0467
382	21.3739
383	20.1027
384	18.0146
385	19.1825
386	21.2654
387	20.1481
388	19.8926
389	19.5111
390	20.5263
391	19.0796
392	19.0000
393	17.9239
394	17.8996
395	18.8501
396	20.2577
397	20.5187
398	18.2589
399	18.6216
400	16.2526
401	16.1100
402	15.7821
403	20.8775
404	21.5501
405	20.1929
406	19.8617
407	17.3801
408	18.3583
409	20.3333
410	17.8749
411	13.3957
412	16.5018
413	17.3333
414	17.3333
415	17.3333
416	16.6785
417	16.9752
418	16.4290
419	17.3333
420	17.7451
421	18.1754
422	19.6607
423	17.5454
424	16.9494
425	15.4606
426	15.4681
427	15.4006
428	16.8716
429	20.1817
430	20.3333
431	20.3037
432	18.7187
433	16.7579
434	16.5340
435	19.4182
436	20.0147
437	20.3333
438	18.4659
439	16.7916
440	16.6093
441	19.0697
442	20.3333
443	20.3333
444	17.8403
445	17.8441
446	17.4894
447	17.6626
448	16.5616
449	17.3333
450	17.0941
451	16.8177
452	14.2101
453	16.5827
454	17.2556
455	12.9526
456	15.7492
457	17.2796
458	12.9277
459	12.2993
460	16.7061
461	18.3126
462	18.5438
463	17.1491
464	17.3333
465	17.3333
466	17.4318
467	17.2706
468	19.7896
469	18.5595
470	18.5223
471	18.2956
472	18.2486
473	16.1279
474	14.6549
475	16.4751
476	16.4894
477	18.4192
478	19.3686
479	18.5646
480	17.1512
481	16.8530
482	15.9134
483	17.1528
484	17.4000
485	15.8741
486	13.0780
487	14.7377
488	13.3442
489	11.5715
490	12.3088
491	13.7690
492	17.5231
493	18.2417
494	18.6102
495	15.5575
496	14.2130
497	15.2257
498	11.6845
499	13.7377
500	19.9510
501	19.3372
502	18.4987
503	15.8826
504	17.7819
505	17.6750
506	15.8816
507	15.4469
508	14.4607
509	17.7461
510	15.9688
511	16.0104
512	14.7847
513	12.1451
514	14.4120
515	14.7678
516	15.0000
517	14.4533
518	14.1856
519	14.2864
520	12.7769
521	15.0515
522	16.3971
523	12.8213
524	12.6653
525	15.1498
526	17.4243
527	17.4222
528	16.3568
529	14.8894
530	15.2942
531	15.0000
532	16.0718
533	14.4549
534	16.5267
535	17.0316
536	15.3109
537	13.9210
538	14.4541
539	11.8534
540	11.2322
541	14.3100
542	13.3415
543	15.7989
544	15.7629
545	15.0000
546	15.1456
547	14.0455
548	13.5351
549	11.7550
550	11.6647
551	13.1031
552	14.9462
553	13.9938
554	15.0000
555	15.0000
556	14.6938
557	15.0000
558	14.9650
559	12.8908
560	13.5378
561	14.0485
562	16.3015
563	15.2846
564	13.0482
565	12.1254
566	14.5508
567	14.2349
568	13.8189
569	15.0000
570	15.3036
571	16.8774
572	14.9941
573	15.8730
574	17.0131
575	17.8441
576	13.0484
577	14.3307
578	18.0000
579	14.0318
580	13.5578
581	14.8085
582	16.8435
583	18.0000
584	18.0000
585	16.3760
586	15.8986
587	18.0000
588	16.4428
589	13.0270
590	14.3125
591	15.7305
592	12.7508
593	13.5458
594	13.9470
595	12.3779
596	14.8774
597	15.7171
598	16.2997
599	16.8950
600	19.4607
601	18.1966
602	16.7083
603	14.5583
604	14.6366
605	13.6579
606	13.4734
607	13.7316
608	12.9641
609	12.9756
610	14.6745
611	14.3139
612	14.9956
613	12.7156
614	15.0357
615	16.3167
616	13.9974
617	13.1572
618	15.0000
619	15.9594
620	17.9284
621	15.5971
622	14.0727
623	13.3408
624	11.0858
625	12.9684
626	15.0000
627	13.6582
628	13.3645
629	14.9313
630	15.3428
631	14.1639
632	14.5682
633	14.7947
634	17.0780
635	17.5804
636	13.1241
637	16.3518
638	20.3333
639	16.7445
640	13.5167
641	15.0000
